-0.1451385402473385
-0.4497252511145232
-0.1256865086132392
-0.2426890677689901
-0.8227985295079618
0.2034946563857027
-0.0730386951268234
-0.4895569793940032
-0.6504058017660348
0.1101828566421899
-1.2048074682035501
-0.8990764759631464
-0.4131351241766313
0.4455434333403383
-0.1654210417889342
0.1834617726855888
-1.3331221831903086
-0.4207450929081592
-0.3820281596413087
-0.4664519623023286
-0.5939835790091260
-0.8014180028038009
-0.1951641096456657
-0.4437474430981923
0.7378136844858957
0.0678936864211664
0.2130547383890051
1.3549837710877937
-0.1389421272791116
-0.4118594076837784
-0.5378815835831696
0.3896285312067979
-0.5125779747275898
0.1090189430610967
-2.1136542915192744
-1.5003084623672192
-0.1371285610343197
0.4371491958896535
-0.4516485159921760
-0.5204047859718895
-0.4348878022644506
-0.2813197630950620
-0.2795111698789460
-0.1226745061726124
0.6583172747665577
-0.8594334715938053
-1.0616168440176259
-0.4657423913422106
0.0521657541580222
-0.8907072166858808
-0.9679416642388353
-0.5162825883931313
-0.3784811518731674
0.3850698528813769
-0.2701810683847499
0.5044356685113068
0.0668777366286807
-0.0111918093980085
-2.3483512036595817
0.4351500856819316
-0.1903237541038656
-0.0820845380272039
-0.3885836969485100
-1.0557158503859685
-0.6583642146742766
-0.5690854196493405
0.7589412527911824
-0.3974666613292030
0.2060468026470751
-0.5901034782977935
-0.0669403472823850
-0.4974846740976001
-0.8226188223408755
-1.2797189332285361
-1.0448187014922889
-1.0953490513132984
-1.2098035804709537
-0.2058999260469596
-0.5612164049149115
-0.1179025294057748
-0.1613229108993184
-0.0803641036119411
0.4229647409413832
0.0938097543917321
0.2020442899103650
-0.3749343335618497
-0.4863076174253647
0.0516636174296359
-0.2709885907231250
0.0199809049766271
-0.6516736509105355
0.3740998225212790
-0.1330697387398125
0.0097181284146236
0.0893604384635916
-0.2655087824502222
-0.0553764571140853
-0.3143465624695772
-0.8417111528256110
-0.6373429492068861
-0.2835502984060265
0.2607048412245301
0.2405037050909940
-0.1096430020617409
-0.0122425352659420
-0.6729102410756501
-3.1048452271692444
1.0114978287944241
-0.0721255351944941
0.1558596095214939
0.0563606976102261
-0.0579084375771374
0.2320416616548106
-0.1394080631601423
0.2507987514835694
-0.8332293404043943
-0.0608262247659277
-0.2627654597862574
-0.2482440787726347
-0.1797566966619073
0.0259035602963063
0.1066244237043106
0.0281262283259259
-0.7290286987618824
-0.5511211905532923
-0.7957681166209690
-0.3588517957634380
0.1938959408023885
-0.6652195854087423
0.2333846043950937
-0.1348042405690942
0.6339933816604639
-0.0825712939404854
0.2376295729904452
-0.8097210923196693
-0.2829238440842086
-0.5544372331822044
-0.3806002407801397
-0.0876695720173721
-0.3373993673221598
-0.5553603386217776
0.9714804604242244
1.0847146157467815
-0.3001888558063101
0.4728151938010925
-0.8826266923423912
-0.4414039791876688
-0.4274378939047685
0.0473661359644303
0.2378589631172504
0.6594774676706444
0.1961907511533080
-0.2849664157964194
-0.9199895417445827
-2.4396052276230771
1.1567093261842298
0.1316920792663522
0.1588704164685908
0.4256710923033484
-0.6126191578586663
0.2799776322687857
0.1955934533383378
0.6698237379424025
0.3370954424351218
0.1366911713083153
-0.6809694545158269
0.2327661280099102
-0.1931440078812256
-0.2897187810568781
-1.4200094288732095
-1.3603543314388642
-2.9941931899997907
-0.3406083474023371
-0.8541872231336742
-0.9108451149208807
0.4075083574305553
0.1342275228436436
0.0317984196075044
1.7423678621750691
1.0961121186793936
0.6978671113604384
-0.6256888540328717
-0.0397454171795707
0.4549685755732739
-1.1748510230557940
0.7351982193903291
-0.5203092883299012
-0.1854369538289059
-0.6753116277014590
1.0487216076233721
1.8399400955854017
-0.2760194185169424
-0.6763106232935415
-0.3828434736432019
-0.7123419039786945
-0.6809196316012733
-0.6379214172349380
0.5037133817528573
-0.4364381995686227
-0.2718621916804919
-0.6637117501197456
0.3906184002661949
1.3141937838738560
-1.0638108791830370
-1.3429652579250499
0.7977827755359895
-0.7522915494279938
0.1022585431666866
-0.7371537574522218
-1.1723297425184505
-0.7824512456303842
-1.6813486301219223
-0.4501394755348797
-0.9351509209395232
-1.5538813322511269
-1.0816111906241581
1.0539100786003957
0.4339829403806190
1.0606319639385571
3.3472804306960935
-0.5938667810895971
-1.0010878045385827
-1.0269782295841814
1.5818552631163980
-0.3608332755510569
0.7415388064374643
3.1165811474903373
-1.0617559623908517
0.9038325426145246
0.7057806871305639
-1.1200211330460892
0.4329848308605591
-1.1728430133296019
0.0858226165622356
-1.0814253312207038
-0.0246399928931137
1.1126120919460072
-0.6608013100786814
-0.8160022631074182
-1.0306339739750403
-0.1279813392097345
-0.2764875588755996
0.0933035806667795
0.1003805279559845
-0.3722694376879511
0.4248149107044947
-0.1120336898411510
-1.3257378722621662
-0.7364817052465903
-0.3589477432897284
-5.1279763290884608
-0.1338738162173428
0.1296578494307226
-0.3907727952022799
-0.1490434597497536
-0.3226481666011369
0.2455235279247765
0.2572177936397710
0.7367737078131017
0.2786446549355373
-0.2447623319453323
0.2558536760760040
0.3379493277751383
-0.2731426599231426
-0.3154734416592611
-0.6245698883920644
-1.2135048477954364
-1.3925098125118855
-0.5692360541993914
0.1046923958780373
-0.4246774492751612
-0.0984150833749917
-0.7562843146205880
-0.3579391446629727
-3.6440916075109109
0.5593757339987255
-0.4980957736444742
0.1197494854696339
0.9270291564559473
-0.3823836806461998
0.5373019623985720
0.1065876383107529
-0.0453746015584151
-0.6974663135126327
-0.3250322064664120
-0.0706177193623616
1.8826592816938130
0.4458206495927311
-0.5600301126777750
0.0129134793476425
-0.8968178453497041
-0.2730239918713732
-0.8904904093926128
0.0335232484057363
-0.5782451418205832
-0.2603409440796848
-0.4026659181126562
-0.5255691466336754
-0.6623143301316892
-1.3796311071839811
-0.8681910537801306
0.8211990701084503
-0.6209928668115481
0.3883478964401937
-0.5399214870855616
-1.0087447747989056
-0.9149590726547426
-0.5383309531313001
-0.2091953648392865
-0.5779763286927705
-0.6302559830486052
-0.6082979472453963
0.2661621101701837
0.3010632822800267
0.0962826802571412
-0.8099193759870607
-0.3455264258988656
-0.3563943282862558
-0.5263342058420768
0.7205865306514704
-0.2500647342126542
-0.4048404305225169
-1.0965759451647652
-0.6351993989710728
-0.0235683249263925
0.5442974653532214
-0.8951752602227763
0.3682919846740917
-1.2648728816004513
-0.6181115040899602
-0.3719753609889522
0.4407729571305791
0.4721674960350759
-1.0198554825724373
-0.6513136630259044
-0.6042180578211395
-1.0661264634810428
-0.2289922198537994
-0.7884835655242882
-1.1704090104391516
-1.6236047114570242
0.3606362171611635
-0.0910360061534369
0.2294939726240390
-0.7772443338628956
-0.8718369024954897
1.3720665823657083
-1.3143506351341081
-1.5979972500166928
0.1742778497627978
-0.6499801641131122
0.3154527132491222
-2.1953022946856349
-1.0600551246267800
-0.8520204425423886
-0.8836468823582282
-0.7464690370114428
-1.2839454249932483
-1.1033049620723823
-0.4787420651108127
1.3330374208755982
-1.1666836605320932
-0.8191502025618794
0.3858679439784047
-1.4062895975332632
-0.8936965787956609
-0.9637787373235370
1.1197780921033749
-1.2020779771746548
-0.4345919753512801
0.1060187234092584
-1.5981508340710615
1.1325684257875268
0.5749854854835278
-1.6797543072726526
0.3224592842007539
-1.4122637274909295
-0.2540289088040729
-1.5081515916667334
0.4587228199683852
1.0199805523450931
-1.1426376004446723
-2.7299428125855250
-1.2351358696396466
-1.6215896530051914
0.0835156213115225
-0.6284129003147959
-0.6290644275618811
-0.8507023232131314
0.2479952914014663
-0.8398601418159938
-1.4277425452119092
-1.2578046253074548
0.2649222763276652
-1.7326853379915754
-1.1091248944562850
-1.2711297408046127
0.0822760075545108
-0.8697278584125041
0.2947628169050114
-1.4314330299861213
-1.2753027358139442
-1.5957267692097619
-1.2578489355705065
-0.3832562709788450
-0.9603557812950286
-0.8494505104918731
-0.5524644591594768
1.2294176491038868
-0.3217843499270845
1.3073859460361990
-0.6423643335450429
-1.0376177034218936
-1.0438173517122382
-0.3129928919801582
0.2689670993834932
-1.1895105056639046
0.3636070786066053
-1.6753794364947816
-1.4826518789396823
-0.3460641353965320
0.8456752795259077
-0.3395083174566820
-0.5248764861743646
-1.6620914913778446
-0.2834294076759468
-0.8986439992370528
0.3437159714429891
1.1689173910229760
-1.7383542832745833
-1.4826956229395041
-1.0215245546212699
-0.8136447293950860
-0.2522796111495371
-0.1919314043971513
-0.2156014550420506
-0.0715923427992365
-0.4644963238435219
0.0985956407001366
0.2306803363204076
-0.5776762358711265
-0.7430928037519404
0.4577285720202843
-0.6025178224760060
-0.0590563710026935
-0.2839672069701477
-0.8712019523646719
-0.7953958597548393
-0.7570945632006860
-0.0242778428988168
-0.4794146510027557
-0.5607963644879935
-0.0809111158863898
-1.0754435849877897
-0.2860074197869278
-0.2569261648906889
-0.1279848465176247
-1.6064038269130396
-0.7572418277000117
-5.2654564975279436
-0.7824079480736691
-0.0971047609712018
-0.1274170233579144
0.0166101361876277
-0.5812266004842841
-0.4914126698829257
-0.8230151127761344
-0.4228987619070945
0.5792620270955838
-0.4088716787528794
-0.8434403183816294
-0.1434753636364008
-0.7438898731653952
-0.7921247816951416
-0.1488197737215625
-0.3631367480080446
0.5565371109163499
-0.8500313758455879
-1.5392879832312829
0.0865428049047040
-0.9540967486897511
-0.3284443778926538
-0.7526669587756131
-0.8719366699957211
-1.0849765690233366
0.8202348271661843
-0.0925798542006093
0.3965143968812024
-0.3692531762277214
-0.4600043577508033
2.1745897163082728
-0.8513722748299152
-1.2458174769391568
0.7271413842670850
-0.7368902598833831
-0.0737410649444929
-0.7499218646129775
-1.0241641761907543
-0.7821383383842530
-1.1015207071825648
-0.5277933484881725
-0.3479186704778895
-1.0643456128013065
-0.5431844556914438
1.5493367227308124
-0.0083290242446869
0.6768627850457051
-7.4668179665417851
-0.3451933080632946
-0.9467554022289648
-0.5304289538932808
0.3873864733267308
-1.3212039537535207
0.4952776821831650
1.5085101094061948
-1.0924977874574846
0.7939190177155879
0.4429023337637614
-1.2152052254411365
0.2816170829567788
-1.3333356959154219
0.1669189346229123
-0.7883721708257019
0.4077258589172156
1.2247976999782069
-0.6457528541421116
-2.4018772331688982
-1.4152552022092546
-0.7977237407519900
-0.1717666686263747
-1.2608517933867769
-0.4470327268091789
-0.4317775836735134
0.4947288576735592
0.1879509095953190
1.2239805477596337
-0.5090571299308682
-0.7051837422508337
0.0031819222176578
-1.0680990155336956
-1.4928660897448185
0.4122538232919434
-0.7232259109695582
0.1466782050403442
-0.8503282785340774
-0.4302865563723519
-0.2710945336472608
-0.3825660784403660
-0.7440342150073281
-0.7987123883858651
-0.3431338680519552
-0.5093920510915507
0.8091774974269637
-1.4797750247881680
-0.5554516029565054
-2.1017378818607142
-0.5443577979647970
-0.6439845485730444
-0.4164452054461941
0.3154050423961182
-0.7698243215944134
0.1079118819695370
0.5390681350244739
-1.5300408502751752
0.7425515383689886
0.3736399271434978
-1.6695919814090245
0.1909879207488139
-0.8773570417544881
-0.1935556392286615
-0.3995384255865639
-0.0053841585324191
0.5238421338123973
-0.5680186740611091
-1.9887276366154185
-0.6565834127425656
-0.7840200042378600
-0.3796319273696356
-0.8358529219457301
0.0771770407250466
-0.5192073133292511
0.2903386135655504
-0.3237408423486204
1.4197160910813407
-0.9845222853575845
0.5392431074896180
1.4714532607938404
-1.6421322952283173
-1.6051379709911475
1.1912815644466754
-0.9141911311004584
0.3829438366828410
-0.8051726855487971
-1.5423233603161031
-0.9744618682948336
-0.9918223085927079
-0.1787018742265549
-0.4645574634029508
-1.6251937256035780
-0.9940405480812851
1.3253989619638336
-0.3040828508294156
-0.3884659645942415
-4.1106216889419995
-0.9257762962375010
-1.4541824857594452
-0.2599442649491606
0.8393616099673951
-0.4269083497551305
0.8931260092537397
1.3099893374028084
-1.1075431393896866
0.9900019079960924
1.2624600171157443
-0.9873221004816093
0.4532259137695361
-1.0760747411709795
0.8044019667276916
-0.8962212745750078
-0.3052378162321616
0.8632371366046019
-1.2558761804436944
-1.9260233431844194
-0.9333400583663761
-1.9093077034425057
-0.1980901493885525
-0.1597618379541707
-0.6471371052667211
-0.7566284428470030
-0.7156553113360307
-1.3485716153135108
-1.3330982556361604
-0.9202924466231466
0.3127323344883425
2.1433726571719092
-2.4510149453866918
-0.7466129067592031
0.4556718621314725
-1.2773935647912749
0.2315877875389100
-1.5593474002266141
-0.8297348817363835
-1.4118083243690249
-1.0331472870512071
-1.4248048199324013
0.0641864026463732
-1.5146837645406670
-0.4290386576840864
1.0661429127125228
0.9011323691258369
1.1959483654954575
-0.5022664304023735
0.3849393053936451
0.0495155916032147
0.7519381207862490
1.0733906837990705
-1.0505402517768316
0.3401906242113836
-1.7195305814824113
-2.4703706153339038
0.0741801287730133
0.6146216794401373
-0.5974940040886607
-0.5460209703055767
0.0855921404067319
-0.4473282728927859
-0.3879196991574669
0.3178532721515347
1.4963657665672756
-2.4885412128558326
-1.8156197970398293
-0.5315099088507282
-0.5514375316874387
-0.4768123984090419
-0.2350965575644103
-1.0575097873152510
-1.4365316186429082
-0.3904903123699538
-0.0297701990941864
0.4651111843202030
-1.3359078026294389
0.0229890384679846
1.3666015895961034
-0.9564713876172949
-0.6996071607894625
0.1888300940063420
-0.9326554938223890
0.2178466408375554
-1.8636340944000818
-0.7934918832345265
-0.6759713271047640
-0.6325811063099562
-0.8606644909269664
-0.1026602436832190
-0.9418686654838676
-0.9277623523646309
0.9773603421833934
-0.3241851313233131
-0.6959823622579712
-1.3224157728942789
-0.5213524931436828
-0.0274214671154914
0.2164823170626979
0.7078134291755703
-0.6619111174135063
0.5629661717261436
0.0840526857941553
-1.2471257051582174
0.1677989956595919
0.8098548883628061
-0.2666782378946653
0.4553920866320626
-0.6629334830009425
0.0345082274535548
-1.2230604132409253
-0.1600842002482639
0.9640881068294773
-1.6063279617243094
-1.1566862118763903
-0.2676604788111601
-0.5526763500363091
-0.8323130555592633
1.9632728078004609
-0.3757816434043669
0.5041561526251745
-2.6322364149780206
-2.2694716565527249
-3.4712288039157242
-1.1188013887805002
-0.5860245331817884
-2.5581934212886557
-0.8143818716703564
2.2653657615434257
-1.4727927902358688
0.0869724404808953
-1.7034074292899333
0.0837217793130826
2.2484354554222237
0.7012615930537089
1.3037567673821433
-1.0895476941252435
1.5437387421215003
0.6617705794980443
1.2916586130056462
-1.3653894747344093
1.4995990117488143
0.7854076598688013
-8.6183855717186582
0.4641640748972091
1.9312489202957206
0.2772099889622104
-2.1696850127587060
-0.5427295863452040
-1.4460021654979451
-6.3864258923874884
0.6327299850744095
-2.5946910977723974
-1.3297415331292501
2.7920820800881256
-1.3534467051333092
2.1447444567706628
-1.8944854099506823
0.2089721833501691
-1.0744587088339086
-1.3963003643304557
-1.5201570442940027
2.1864110562841303
0.7942397435822037
-0.1721358251804970
-1.3391880998123833
-1.5076679006904410
-0.9481691783481141
-0.9037106937709559
0.6548127434930320
0.1007916305783044
1.8767754828508867
-0.2753055855273959
-0.1628995107522033
4.2200221429784230
0.6093428821729471
-1.0999700757726698
1.6104366339313352
-1.0777922036022916
-0.2215666383291857
0.4141604183063334
-1.8785472720669445
-2.2585724891889911
-1.2928835094962901
-1.0200000133673714
-0.9870103468997515
-1.1671829226406190
-2.0640993354812665
0.8165587445216335
0.1224768702389378
0.1831440393831960
9.0618528526557718
-0.6287477096312628
-2.0166892333839606
-1.1130818035319758
1.2575495417970661
-0.3810209828787953
0.7115708367294242
4.6202051328898666
-0.0197521673358183
0.9231126933602535
1.0492569313611571
-0.6729126711137176
0.3721296375408517
-0.2598889042844666
0.6003377154739392
-1.2887120335039959
0.1584554682931361
0.8540966445507036
0.6389647893747605
0.6268247612302894
-1.7180026935723549
0.0721817935556443
-0.3952721149142823
0.4138494851797742
-0.2185016032095369
-0.1590983410801375
0.4653627430943018
0.0998412833740348
-0.0385286264253938
0.1236325154536152
0.0206225458584868
0.2168048921695708
-0.1833725442081287
-0.7815401581644310
0.5187804837728137
0.1516770896054682
0.1262764229114158
0.2193472768999616
0.4382634538722709
-0.8591752626436735
0.5015266761403196
-0.2196955701833219
0.1909005929001113
-0.6064669004994104
-0.2675663660405430
0.0393993140587441
-0.5206251076914005
0.5868069126940018
0.4729940693896895
-0.4849537717100178
-0.3976752628208688
0.0060407993219996
-0.0566178209369883
0.0598695810277907
-0.1221020936317036
-0.5718324209918246
-0.4676576668379883
-0.3434983918161203
0.0552144818007068
0.5151386436989019
0.4011278064162186
0.4815264982894586
-0.3029052716301096
-0.0534775928395238
-0.1870784494252246
0.4692284108209957
0.1990430187170174
0.2094327277396905
-0.1268806036456727
0.1957174006804085
0.1756083253417696
0.7828172220983898
-0.2065336110867991
0.2860971052227126
0.5323561679383096
0.1060501039507631
0.1327072168895428
0.6347178725523833
-0.4509247170603838
0.0726723807020632
0.2069025918763422
-0.9995494000092668
0.1345050490362145
0.0855008293173081
0.1517119918785194
0.1361489138575356
0.1601946908478093
0.2023407408941729
0.1483778500670253
0.0112420660691327
-0.5872322360590569
0.0574477098726679
-0.2129923855756354
0.0470772911708821
0.2743782906588287
0.3611534414257891
-0.5571128494626199
0.2100021079910941
0.4469032817670727
-0.2589369687664289
-0.2489270061388792
0.0927663746113043
0.0887531444080486
-0.4946902358609878
0.4822530519296999
-0.2143686218976743
0.1484532037053135
0.1359318520644857
0.4514472594761370
0.1798814651006251
0.2028110146081480
-0.0314570739014665
0.2594384010629300
0.2727745622243741
0.0866255821895612
-0.2305880590414950
0.4674608893506983
0.1354816257035276
0.2620641969608456
0.4757473434526751
0.4119605731266786
-0.3168298693241570
0.4969573673009229
0.0658626810790802
-0.1800742592077737
0.1692056206170841
-0.1572752535843328
0.1605556295150349
0.1804803636066907
-1.0434017810360563
-0.1254525080408544
0.0945290958628068
-0.1935308554267923
0.4878290355868812
-0.0118445667371187
0.0423815028484812
0.1902081117873321
-0.0233676964496444
0.0952594250731994
0.3641674112375123
-0.2854706702344316
-0.1538254277782384
-0.6212180979369274
-0.3591864669121234
0.3212588842952017
-0.3765788524629775
0.0355466375211983
0.2427086094297800
-0.2250782058288850
-0.2238895042981430
0.2147281689742790
0.1805144915816054
0.3273488252644181
-0.4440747149733799
-0.7317315693395465
0.3204913753202580
0.0008897864001145
0.3011607263120219
0.1496556371436041
-0.0807073277898296
0.1609912213935095
-0.0254018020339027
0.2164722253352481
0.4159497137844529
0.2382857918563755
-0.3994820847806770
0.0717362145902796
0.1260128815372659
-0.5408982422455544
-0.7769944328152748
-0.6503827140911619
-0.0304019294769772
-0.4933316425427042
-0.1329577085984388
0.3293439926124534
-0.1292283574498887
-0.2254939194363937
-0.5939720294989040
-0.4203474057829453
0.1831803179751446
-0.3990069793020701
0.0687204632426562
0.2316097283792137
-0.7029167043540933
0.3902456624123155
0.1301139896018302
0.1457956459588157
-0.2519946426465173
0.5571699038814572
-0.0880599585131866
-0.2140244272936300
-0.2071179636940260
0.1246672743056308
-0.9093300771081172
-0.3549566612430288
-0.6820133626849493
-0.1496909252746013
-0.8804963451071177
-0.0508539003440537
0.3063314713334040
0.3407655662159228
0.2393852604742324
0.3394439194557198
0.5287507098192380
-0.1875901900162379
0.3306894527524537
0.1812837791342862
-0.2476298421056322
-0.0640803143810393
-0.3416998153391384
0.0980121174753607
0.2234392397797563
-0.4040395059997956
-0.2579198681609824
0.2410020671811681
-0.1098702950341047
-0.2485343800237838
0.2081288524645747
0.0371514674207320
-0.0053703845065761
-0.3256118231956044
-0.4675650709347705
-0.2354543043479392
0.1656224774779767
0.4697434593272718
-0.6821705130456654
0.0984317461487105
0.1674509331372573
-0.2498925200812259
0.3975968423782554
-0.0019142804611724
-0.1024592316845401
0.1260053219949776
0.2112311325897693
-0.1577869127737526
-0.5793750203271392
-0.2454664556015602
0.0804927028819043
-0.2237816592939889
0.5812068124665876
0.1303856766046762
0.5708046969896965
0.0501760366097307
-0.6371520206954329
0.1072429699172293
-0.2442577351787077
-0.1702319071310251
-0.0042256144311090
0.1139812879578564
-0.1811420266921203
-0.0000393297061096
0.1877868060751657
-0.3435133530988445
-0.2292024659860928
0.3304486498104049
0.3826396988139678
0.3702797407990037
0.1266393439560447
-0.0384727843130934
-0.4306853304844416
0.2045002625290905
-0.2223990884259835
-0.5976510193212911
-1.1975834999812007
0.5552019945104656
0.6258765775729848
-0.8931952997118199
-0.2092111244296725
-0.2522525032176647
-0.1503657110767290
0.7658528071416795
-0.3148352286526990
0.2646896113248891
1.6531998068192131
0.1760914476869597
0.2320667323580586
-0.2295031902101690
0.0374857962556120
-0.9437589867228636
0.0226249345055099
-0.1596715256448722
-0.5620718699968429
-0.0602406566131461
0.3379764650387613
0.3905980081061038
0.3371207592573445
0.6464719074504687
-0.0975865813332848
0.1970963937786827
-0.6145974301589764
0.3796026262579422
0.0898844795987953
0.3688269301429462
-0.5359772002851173
-0.8152443252034289
0.6262125927994737
-0.1411961679049997
-0.6832794230294676
0.2347784494275661
-0.2006423084974432
0.1369033064317745
-0.2143498712242111
0.9227078560263895
-0.6958098654943816
0.1913087354259584
0.3654377599908070
0.5648309950242468
0.0133240813515986
0.0513938488385800
0.4872360482733791
0.2299940380985265
0.7389069786038918
0.0273917206641044
-0.2858321028129299
0.2251469445702605
0.1379834581765643
0.4689488851208782
0.3359298512769724
-0.9671425218403751
0.3702674034067116
0.1523728167274566
-1.7245649450623188
0.4361780435629729
0.0633989671012199
-0.5015278522980583
0.1465072302971317
0.1555495933873689
0.3728255973616044
0.1569171561631397
0.2285266859932552
-0.2453252104653031
-0.3713746994849237
-0.3530126921906595
-0.4004216442274657
-0.0320617629756487
-0.4176996409131976
0.4982323066029208
0.2399581688862689
-0.3458911267042317
-0.1606704821152833
-0.1591261070927704
0.3891469102387126
-0.0591048790218610
0.0849150082057321
-0.0348631472180156
-0.3573017515640083
-0.1451559512889865
-0.1863750286804468
-0.2229941131091369
0.0456673186266725
-0.0146432999742382
-0.3876298198604616
-0.1879159045197459
-0.5354591366936620
-0.0950737186578525
-0.1674746821360920
0.3036098542659585
0.4141451483347077
0.1561548351601789
0.4742075180373597
0.3526029552052514
-0.6673407781416815
0.1004742278712891
0.0769898277138659
-0.3006083187066999
0.1899311970610438
-0.0398843826622105
0.0827503685310109
0.1317834870646186
-0.7755772786724709
-0.1866237394788756
0.1742539737688378
-0.1802880964529446
0.2106115927751227
0.2815773872747548
-0.3578552466444296
-0.5102178267267251
0.4789966442149647
-0.1624419530645592
0.3934299601210963
-0.5469695026284049
0.2862660295834369
-0.0869997222124267
-0.1574267258879866
0.5056529079326950
0.2175965835139008
-0.0140905493913107
0.2762762962742005
0.0724911146391510
-0.0639087105270033
0.1968222790325043
-0.3702536509190920
0.2897266116766515
-0.3219109868915664
0.3386389125611396
0.4156472177393035
-0.1213618096542743
0.4664200363407016
-0.1491590991056126
0.2645692373658873
0.0000928166702238
0.3160961213738956
0.3574851590282031
0.5870994077859700
0.6034245492806618
-0.1924358237255570
0.5543016206115260
0.2518301188618489
0.1208058346713366
-0.6783070286922563
0.0905536459854028
-0.3061879495987915
-0.3265001458429974
0.4828132901157616
-0.5305680274331067
-0.4921002633807610
-0.1401711986420273
-1.4812517218866168
0.4998578806139373
0.1110648395024654
0.1125292864581574
-0.2130213542118412
0.3580607835960110
-0.7180757073776689
0.4918297978829998
0.3705289994149333
0.1788676454131070
0.3274257971046979
0.4573808409631703
0.4835099415767704
0.2008912132736326
0.1587629707863746
-0.5895372111696487
0.4631096402463278
0.5783179046061270
0.0859780071818349
0.1413767337507015
0.3604209049140887
-1.2351335306232551
-0.2223210729218719
0.1912611432247811
-1.0375358199167968
-0.5295569134242044
0.0669237595073925
0.1078116704742917
0.1418486603152021
0.1532886788971941
-0.2119719809254672
0.1315837944707437
0.5057538363428964
0.4151124384840342
-0.2984648206185941
-0.3030460863649540
0.1529705970883569
0.2075674831688558
0.6102307917921005
-0.2959626529705679
-0.0708055542706689
0.4546480589584632
0.4349412893293124
-0.5777156495158829
-0.2337218301683615
-0.3746425778000063
0.1003500462029574
0.1660092721365937
-1.2234448550897716
0.4882819613009268
-0.2504580126298910
-0.5244761103192356
-0.3663350017080397
0.5920277229663727
-0.0633930937940554
-0.5128236277760435
0.0626351961457843
-0.1435779004421210
-0.2533098744387884
-0.6127417009428152
0.1536085034757274
0.5437139115091529
0.8598001190903191
0.0925887917960778
-0.6028589553071932
0.1676011111651257
0.2354703469807301
0.1415573416177649
0.5451612124948833
-0.9633924173633837
0.1410974161305433
0.4925118230933778
-0.3718570482048781
0.4832861298743277
0.1043685303272881
0.4904240402630238
0.2015447771019811
0.5656411424813734
0.1129517267563095
-0.2161775524396630
0.4764105383768831
-0.1745656834131057
-0.2866634822062155
0.0518818653834134
0.2075174662253846
0.3432948838187511
-0.2378795450773900
0.1372301744015554
0.3263149307012440
0.3950635759704420
-0.3362599545271804
-0.3083804623636288
-0.5843444298511526
-0.1599893746359139
0.0981182223814709
0.0756789495891822
-0.7021448803364728
-0.1303345766847065
0.5166556130227097
0.0046624068015083
0.1555267147682593
-0.0513271652013869
-0.6677253084442961
0.0989659369161479
0.2039024982472095
0.1332335295152618
-0.1757817963585894
-0.3674416905814591
-0.5294560927607213
0.0972469844269780
0.7353366922938797
0.0555539198089438
0.4963947414792310
-0.2346642020185026
0.1653367617088163
-0.5425984006981925
0.6062473039427876
-0.4447015747510424
0.3861683287483306
0.3352318274972982
-0.8843871757629488
0.4529639558611633
-0.5737513422316710
0.2415631538649223
-0.1291249736014027
-0.3852706770265344
0.1312304254376865
0.4639999623538575
0.4065583941803662
0.0812815150525270
-0.3945978791564249
0.0980777250088835
0.4609879980527637
-0.0860709777632433
0.4099387568188099
-0.3899694026470988
-0.0155817797292564
0.2552677866217689
0.1314688357486299
0.1714918732640374
0.2359468618461266
-0.1939042742567207
0.1052463027505988
-0.4932667717756661
-0.9293902472969858
0.1847447793772031
-0.5418869827998414
0.0808591402580721
-0.1277508427146314
0.3087517614753021
-0.7451204743371143
-0.1420992762213891
0.6405933464725448
0.1178046909577517
-0.6766825222799971
0.3769703241964705
0.1641320083649287
0.0982774049035452
0.2969644071164850
-0.1992618719827339
-0.1802523986698616
0.1547597655816932
0.0788322802220095
0.1140727222208561
0.1952931837273933
-1.0914749726536395
-0.5664729060873922
0.4852778060173522
-0.7984497145060802
-0.5296515613774054
0.1169476253406653
-0.4395130887853675
-0.2193779064243566
0.1360544028469927
0.4460237475348288
0.0725262366344629
0.3116730560604179
0.1113287970239407
-0.0107230231676046
0.1122603535678202
0.0117505055305381
-0.6653723640966629
-0.0004295609031594
-0.1522724423160617
0.2699180041601902
-0.4572926640554876
-0.0894433972778265
0.1943197395971420
-0.0573795943934090
0.2208775679424154
-0.7113145434575751
0.2813209361358330
0.1396502203630161
-0.0009732020056223
-0.1563764591281131
0.1156796386778853
0.4111337081684080
-0.3186703477608279
0.4411478482039178
0.1338450370304686
-0.3454902120992401
-0.4282468377684339
0.6119814455539934
0.3244180673562964
0.1688237280979017
0.4080620469801407
0.0120309673528074
0.0957800638727559
0.4298530512896786
0.1923665469436364
-0.6323555398842726
0.0997312735967749
0.2557420176967422
-0.8682093013289479
-0.4622054534073351
-0.1766567376918861
-0.9526609719959797
-0.6548508431924140
-0.2725532343197845
-0.2815402399938348
0.3050366902955398
-0.0632578825298635
0.8515334175123708
-0.6385034568954039
-0.0738228818391730
-0.3442882657284130
-0.5883741144231766
0.2079903323090018
-0.5304496837899938
-0.7163705981945587
0.5442041362752643
0.1574709850019416
0.6841811340585572
0.3737710565360027
-0.0198614179664782
-0.0338749876584637
0.2134069779151158
-0.1262171441761375
-0.7841668824042285
0.0266813159375014
-0.5247265002190260
0.1156892415382727
-0.1806006234803528
0.0682205446163989
-0.5318591913245242
-0.1595318333523922
0.7146340660838605
-0.3922014141806792
0.1600734988680411
-0.4277474525711221
0.1592196311615096
0.5165752324959354
-0.8782758441595349
0.1015127877040874
-1.4711346372442018
0.6484998990811739
0.3493764226366360
-0.6647996779000316
-0.5388858533471514
-0.2441393651558279
-0.2683414719153343
1.1883681119581246
0.4349195257448197
0.2861494919146286
3.4172056687672585
-0.2426481403146565
0.0094125399491363
-0.2208460001019481
0.3301311008064708
0.3302429790607637
0.1340499836587591
-0.1984719038399330
-0.6376903206704561
-0.1187473933105133
0.7373054825107315
0.0738247490070447
0.0749883525223340
-0.4921219101695964
0.2893753196675320
0.2670378792252433
0.0846373281279739
0.4594285280591297
0.0432630817457459
0.1253244705392787
0.1605949653516067
-0.2053372665470539
-0.1743611124943265
0.1288405069985094
-0.8764299566872077
0.4562966350586244
0.4878374691324520
0.4782330214849796
0.1355938990273878
0.2027604071511528
0.5232882233194481
0.3458529479654881
0.2099408757660554
-0.5541928310773735
0.0939235432580702
0.1015974961454446
0.1815954148973258
0.4662372264889950
1.0149540422036338
-0.1773464653437443
0.5441432249996387
0.1771155315776827
0.4595391054273681
-0.1387591700956935
0.2936775873646533
-1.1123171939655734
0.0005100755418103
0.1789062590662013
-0.6292649583502161
-0.1821491061718913
0.0549011374962650
0.1630060117923602
-0.1288764489553199
0.2160747206415584
0.2111276228560670
0.4578456664311987
0.5011960655667840
0.0504878754029458
-0.3213230085882562
0.0548196537360010
0.1140364684082819
0.1334340026941226
-0.1760308444649651
0.0948904818504777
0.2193628630002324
0.1904205741271859
-0.5320211660502917
0.2078307026019098
0.2863216830735295
-0.5652739903189726
0.0325735165424979
0.1346229741399398
-0.5100895012573380
-0.5423617785719561
0.0871948421496014
0.1685137288509593
-0.1478404078381702
-0.1990200987639253
0.5458729730006736
0.0704584612728856
0.2715742247971294
-0.2053474266639978
0.0465933938643798
0.4294513473564733
-0.4283765669931303
-0.7268952737715263
-0.3169294786275905
-0.1883299693450135
0.4643029711004111
0.2126900098235820
-0.0872432148996796
0.0346536739132739
-0.3858913067861287
0.1222453359461342
0.0414630114112776
-0.0148807932081338
-0.0740405929322128
0.1605685797339461
0.2787193904249741
-0.2407304563736800
0.4137614579258653
-0.4661189675846594
0.2114725248010087
-0.1303432883823212
-0.3824058653846234
-0.0894984150324502
-0.1161397187962753
0.2734725027492417
0.0724205499062745
0.5020652367787583
0.3631111478378962
-0.1701522703964806
-0.3037341485376319
-0.1829123378926459
0.3740759263762066
0.0052104234308432
0.0895734498220446
-0.2593239965753290
0.4784979094880464
0.3207177517937527
-0.5089449582522396
0.3584637392971658
0.1899563707486654
-0.2209949451991920
0.1671171729889600
0.1894334301985990
0.0029612988003664
0.0960822086303726
0.2828255136709734
0.4569671007962490
0.4177794234316107
0.1421564721367381
-0.7599625942960000
-0.3826583265973758
0.4365445315728031
0.1614208874498423
0.1817916392798928
-0.1221269063989785
-0.4387439218913853
-0.1699979335197914
-0.4238167835732636
-0.2594317030078198
0.3529761803730284
-0.2972241718620635
-0.3846267773126760
-0.4839217930614183
0.3943370122413523
-0.5876196783153089
0.4355400850884095
0.0581700066049918
0.2294153882936595
0.2212264718152002
0.0945144051745257
-0.0187584218030167
0.1525304927568012
0.5886784225892207
-0.1997763592446084
0.3853051896720073
-1.3059616185778107
0.5411656159413215
-0.2159855377543473
-0.3949090062571202
-0.8171864962673835
-0.9049182170756630
-0.7445408866964600
0.3920689627164947
0.5298472914165709
-0.7121439395044323
1.6139866333104791
0.2115394115392807
0.2872588074597310
-0.2491617788803775
0.4142534372995210
0.2819821837013387
-0.5275955989604523
-0.1551410248196198
-0.3773011715529863
0.3232614791271725
0.6498488249167250
0.7020051970348536
-0.2965534839894826
0.3673624959111650
0.5966404536734129
-0.3248675059503658
-0.8957080127777378
0.1685841532419308
0.4286100075669108
-0.2555473442583077
-0.3240712856193294
-0.3797391350826038
0.1753490433668173
-0.1599986227881836
-1.9609346857466319
-0.1516543431473947
0.1501721260546406
0.4814097874017241
0.4941759730331257
0.2058742800708080
0.0454027866670578
0.2284638620992312
-0.0117429311181434
0.1704372945591644
-0.0689681013143769
-0.4988341320495526
-0.0030646116797679
-0.0547454065746599
0.1082794832773473
-0.1634370696607980
0.0232769485589604
-0.0837696570141050
-0.4481996289850134
-0.4381075827334591
-0.1373807484427689
0.5941497215304357
0.0863084856869319
-0.0617662779087938
0.1591362922660045
0.2310783961526534
0.1772672853762276
0.1370032699450835
0.0878625846924905
0.3114822128612061
0.0412863551750948
0.2120042555256579
-0.3004974925840009
0.0209857447518070
0.5847867685027540
0.6398867013186762
-0.3765925012435426
0.2123474148318602
0.2938554723643275
0.5175583037243379
-0.0092996334666493
0.1568251553692510
-0.4188165915005798
-0.0767453343788965
0.0850468051372137
0.3911156679244825
-0.0878054304255546
0.0004748727943487
-0.3514895142466559
-0.1121923789025315
0.5184069141682870
-0.2002630841708374
0.1715510448020371
-0.5444511714902736
0.4203609808966430
0.1766057526405251
-0.5769366289884074
-0.0986000627877662
0.3457660749369846
0.0239150957536337
0.1467290368423220
0.5958472607166865
0.8619231768441458
0.3972126636287633
0.2926858081888893
-0.3466368038871622
0.1789540792198155
-0.5024789984108056
0.0167667394324319
-1.3254463316897687
-0.2113451055093227
-0.4887726468123736
-1.5606247348596092
0.1808006159256917
-0.2912437872193279
0.1075080005920371
0.1905219706021722
-0.4558793601670488
-0.2310380702206339
0.1202880156389186
0.6762577982392037
-0.5795510305704479
-0.4090889624031528
0.0531777729374362
0.1122818785659297
-0.0681861547528431
0.3344142901677019
-0.1163337630762022
-0.4801634154726777
-0.2800453866562137
-0.1405545275431091
-0.4064392691794912
-0.6566423314561370
0.4613395986366979
-0.3020465644506036
-0.3072491724577534
-0.5599807010265458
-0.0229983330892711
-0.1539190453606439
-0.3881152652390136
0.1257204816996655
-0.3774794432578377
-0.4531281634235336
-0.0904336577474196
-0.3732336272523057
0.2989039244343534
-0.1043750853220228
0.5427618559807590
0.4919344777213546
-0.0536729153884242
0.3685075792782190
0.0603917613631163
0.0567388931323460
0.2955296255192225
0.1884226793738517
0.1001445187615338
0.6534347977414874
-0.9138511369621027
0.0686591040178548
0.1224361913574080
-1.3696178134662105
-0.1257560191933654
-0.3114154939492230
-0.1172378805637840
0.1533002523890644
0.5321211440369676
0.0836221927938973
-0.1804929192278016
0.4188680987737134
0.0597514536798641
-0.0589818556736889
0.3771312425822960
-0.3649393460044078
0.1390033152644625
-0.2409405112491749
0.1745984149705085
-0.2551349964008292
-0.3254882326487534
-0.1316768792144837
-0.3986450586254485
-0.0928970010482955
-0.0213127180939355
0.1212192156177778
0.3653658957467465
-0.5827584620918898
-0.4223878184486671
0.2923405652272923
0.2024067472881365
0.0795202816917215
0.0726261688356605
-0.2617587559395387
-0.3590952355141829
-0.1874269405472236
0.3208043136001701
0.1904370920522450
-0.3906697612290080
0.1204802958396280
-0.5623802312179939
0.9033874040473799
0.4199495800819003
0.0343492165513863
0.0017665147147839
0.0193909016513315
-0.6133528968413017
-0.5191901021535843
-0.3833302063895473
0.4088003151170705
0.4841469958192089
-1.1890277819628428
0.4725506454862609
-0.2050155820231670
0.4196228941215995
0.1138788467631139
0.1545168592208777
0.4303897948424431
0.1682718598343979
0.6219131292454902
0.1208396485234783
-0.5916357202291624
0.4508385217865929
-0.0690116915606725
0.0367580232149915
0.2771316856230973
0.1058382709949504
0.4730725909325588
-0.6389998787055456
-0.6739420271595671
0.0160664656356689
0.0616216669031976
-0.2501390334402577
-0.2339711094558197
0.3844230842140217
0.0097998390644121
0.3180363527818218
-0.0654679320807585
-0.0184298203134506
-0.5341246017900130
0.0273098250500617
0.2122158666959785
0.1829774436454065
-0.2182228554542528
0.3493643266086263
-0.4581050276138527
-0.3752413327491418
-0.0898571716062990
-0.1738869164975059
-0.1684250166414073
0.2342302322107055
0.6746349834048549
-0.6590002994176986
-0.0743635847979134
-0.0780597365004674
0.4004790609326841
0.1338120656067984
-0.0373794766566985
0.2843010309091001
-0.0063155356142234
-0.2608388171645371
-0.3259270963758854
-0.1111644128335061
0.2690138111326524
-0.5461167354295311
0.0996605861119321
-0.7385402528371269
-0.6066394468894373
-0.5018087292160889
0.5538650153793563
-0.0567331324909233
0.3729155575457664
0.6742299594375529
-0.4584660146709125
0.4062169180542280
-1.0669593319143102
0.3961702032617564
0.0494537688296753
-0.0316113822172374
-0.7106453408052689
-0.8393237277491020
0.3699680949293516
-0.2197089066139521
-0.8412518107108758
0.5635660231300694
-0.0919531523268691
-0.3962776881365566
-0.1093928194603797
0.5862059055430973
-0.2491517605181517
0.5296934598295071
0.2189289869236162
0.2104436853207302
-0.3234673052786941
0.0729129133813865
0.1555195481058474
0.7419730301437726
0.8588197129520537
0.0143044853055444
-0.8212114301934643
0.2361709153394922
0.5089390813133583
0.4730074530351763
0.4973006282799331
-0.7751000142385486
-0.1922936872152762
0.2055400235196502
-2.2768275531034368
0.5279091205050788
0.0819995112048366
0.2062818939275642
-0.4927965838599342
0.4993891299917299
-0.2084576896257941
0.2113886854645030
0.5133965334873349
0.5042662944982631
-0.4570881973147545
-0.0546254189084265
0.1392388603562595
0.1262543451321244
0.5600243102834063
0.0300020883941488
0.3887870174536879
0.1773008909669903
0.1091030669776560
0.4366636707507301
0.3790671349208790
-1.0133483262976992
0.1741949457425680
0.1566727740103708
-0.6791290730849807
0.4725412822388512
0.4540543485960694
0.1408455532718405
0.3497725870268187
0.2031620772497778
0.0235394651667125
-0.1360080629269005
-0.0589032790627755
0.1141507544856994
-0.6015383254976886
-0.3287047458276447
-0.1872379457667423
-0.2895310821986134
0.6729264339550324
-0.2823625488123148
-0.5222287806674376
0.0404220378492259
0.1823360026778732
0.1616845178427138
0.0990247911090028
-0.6510945942277906
-0.7596414464016544
-0.0049406535300943
-1.7235349580775441
-0.8728809764676734
0.1759623734577362
-0.1855954847875028
0.0517585477298822
-0.5564385119775052
0.2453099602354011
-0.4865434383588206
0.2917954096671498
-0.8533579475529985
0.0400205246436038
-0.1028410360382229
0.2710351193195140
0.3347050684367499
-0.0471346318454271
0.7877611190333645
1.1231662715716177
0.8525751521344667
0.0451564231511415
-0.0768618682291424
0.6248898896868041
-0.6286076998117152
0.6411287697530886
0.6385026732850015
0.2680149376837069
0.4066948991468091
0.2956204283243993
0.1241057521385686
0.8890965058747387
0.2323054655709974
-1.0198707024996696
-0.7808456011885192
-0.4168989555950817
0.3349059903001463
0.1143182530988450
0.4497670875184174
-1.0082052623199085
-2.1220123392915360
-0.2452754405618294
0.4189467080530401
-0.3417623731489181
0.1405240258859470
0.1408304983393818
0.1998786288185611
0.0482523723631179
0.4126068465080200
-0.4695363037547941
0.8622969800824983
0.7251981314848723
-0.5190204703473619
-0.2152600099238454
0.4781923263189173
0.5905360610616962
0.8456274287974069
-0.3925764547104563
0.4131102855381498
-0.3546408233335654
-0.2606263990822713
0.0271835085351674
-0.2476019166503736
-0.1656689612469653
0.4310904830638767
